,Estimated Total Inclusions DoH,Estimated Total Inclusions DoG,Estimated Total Inclusions LoG,Estimated Total Inclusions reg,Maximum Inclusion Radius DoH,Maximum Inclusion Radius reg,Standard Deviation DoH,Standard Deviation DoG,Standard Deviation LoG,Standard Deviation reg,Average Inclusion Radius DoH,Average Inclusion Radius DoG,Average Inclusion Radius LoG,Average Inclusion Radius reg,Minimum Inclusion Radius DoG,Minimum Inclusion Radius reg,Inclusions/ Sherd Area DoH,Inclusions/ Sherd Area DoG,Inclusions/ Sherd Area LoG,Inclusions/ Sherd Area reg,red,green,blue
0,780,137,396,96,30.0,26.030029631533154,2.1483070289699437,12.44836070256564,0.45566778900112204,137.40005945930525,3.396011396011396,15.987417401689083,1.460242960026092,20.09545952728181,2.2627416997969525,2.0,63.489621068723665,11.151382162070695,32.233192234890474,7.814107208458297,174,170,167
1,307,103,128,49,23.555555555555557,22.054929990997216,2.6840219579268467,13.207189808818331,0.5651461677939806,188.4209560942748,3.8548678972131736,17.970885440951363,1.4854152868675743,33.73181407592817,3.6203867196751243,2.0,25.695026367356245,8.620806891979457,10.713235749256024,4.1011605602620715,169,165,161
2,402,37,119,65,7.444444444444445,29.639273938055553,1.3201227298729066,6.827932217868423,1.1102230246251565e-15,258.9662381993619,1.6332227750138195,35.4074917085072,1.4142135623730963,37.93560817112159,9.268190002368318,2.0,18.634667163556674,1.7151310573422809,5.5162323195603085,3.0130680737094124,157,139,126
3,74,40,39,5,4.222222222222222,5.656854249492381,1.4727762799800155,5.354877221805406,4.440892098500626e-16,917.2322105037557,1.957957957957958,36.53335135133544,1.4142135623730947,462.54606520147775,9.268190002368318,2.0,3.171478253148865,1.7143125692696568,1.6714547550379155,0.2142890711587071,147,126,110
4,30,30,2,3,7.444444444444445,3.7521995422010908,1.9213621139998196,4.270781953091323,0.0,744.6006111599348,3.1481481481481497,36.53891226533686,1.4142135623730951,530.1202854370912,23.726566406062897,3.4641016151377544,2.2312696296138324,2.2312696296138324,0.14875130864092215,0.2231269629613832,179,125,106
5,60,28,3,22,10.666666666666668,12.092680431046846,1.7517618017729728,8.745272416462145,0.0,321.4640596565716,4.007407407407408,34.962591750005494,1.4142135623730951,76.10395734640277,5.792618751480199,2.8284271247461903,4.661820068423625,2.175516031931025,0.23309100342118125,1.7093340250886624,180,127,108
6,749,87,349,116,17.11111111111111,34.51813641923115,1.9472673104165352,14.03268096356258,4.440892098500626e-16,139.5197346850925,3.1338080403500963,20.71508378990543,1.4142135623730956,19.15710375203628,3.6203867196751243,2.0,65.93483902314354,7.658652863836433,30.722641948033505,10.21153715178191,174,160,147
7,404,113,154,109,23.555555555555557,39.17744419736422,2.308190858817939,13.129875826803973,2.220446049250313e-16,143.6030783364821,3.8074807480748074,18.80146664268048,1.4142135623730954,20.691776758481105,3.6203867196751243,2.0,32.751551505430704,9.160706237905123,12.484502306525567,8.836433450722641,171,158,145
8,481,79,125,44,17.11111111111111,32.04681161095183,1.7669638165766541,12.839092987115505,0.4059488503934977,122.31158210336088,3.512127512127512,19.080211583926236,1.450668845314269,26.86260949245469,3.6203867196751243,2.0,69.41648817632576,11.401044835612753,18.03962790445056,6.349949022366597,170,156,152
9,276,73,57,27,17.11111111111111,44.07451311516073,1.6903363214569935,12.303996162275268,0.0,136.75207935809541,3.883655394524959,18.93951452946294,1.4142135623730951,33.76672370286604,3.6203867196751243,2.8284271247461903,45.18408425648021,11.950862864938607,9.331495661664393,4.4201821555252385,167,155,153
10,34,11,3,2,10.666666666666668,3.265986323710904,1.8278815167895144,7.105427357601002e-15,0.0,427.2512538572671,3.653594771241831,37.962506249700645,1.4142135623730951,430.517240180978,37.96250624970064,3.265986323710904,6.028318427524673,1.950338314787394,0.5319104494874711,0.35460696632498073,170,139,117
11,42,15,1,20,4.222222222222222,34.14969127427085,0.8298491030829817,8.867333022925818,0.0,176.29214278722708,3.9920634920634925,34.50732501681773,1.4142135623730951,49.839456118738305,9.268190002368318,3.9999999999999996,8.604043985123887,3.0728728518299597,0.20485819012199732,4.097163802439947,170,137,114
12,339,68,296,144,30.0,25.953354788396613,3.3178312995965125,13.230656735521778,1.1494794489045483,83.6482631538014,3.6804326450344145,16.543429523289873,1.5219783345809552,13.59207599158907,3.6203867196751243,2.0,58.21163597298087,11.67667034266283,50.82785913864996,24.727066607991873,168,160,156
13,456,69,397,108,30.0,35.14740738062113,2.4929039407172446,14.154389365414971,0.8480017435469585,101.33941203332287,3.303606237816764,15.602664163776373,1.5289971988377462,15.946839321719334,2.2627416997969525,2.0,80.15608968749999,12.128881992187498,69.78501667968749,18.984337031249996,174,168,165
