,Name,Maximum Inclusion Radius DoH,Average Inclusion Radius DoH,Minimum Inclusion Radius DoH,Estimated Total Inclusions DoH,Standard Deviation DoH,25th Percentile DoH,75th Percentile DoH,Maximum Inclusion Radius DoG,Average Inclusion Radius DoG,Minimum Inclusion Radius DoG,Estimated Total Inclusions DoG,Standard Deviation DoG,25th Percentile DoG,75th Percentile DoG,Maximum Inclusion Radius LoG,Average Inclusion Radius LoG,Minimum Inclusion Radius LoG,Estimated Total Inclusions LoG,Standard Deviation LoG,25th Percentile LoG,75th Percentile LoG,Sherd Area sq in,Inclusions/ Sherd Area DoH,Inclusions/ Sherd Area DoG,Inclusions/ Sherd Area LoG
0,Ceramic_6.jpeg,10.666666666666668,3.0714285714285716,1.0,98,1.9664770524937174,1.0,4.222222222222222,37.96250624970064,33.54147100696936,3.6203867196751243,32,10.432068250633185,37.96250624970064,37.96250624970064,1.4142135623730951,1.414213562373095,1.4142135623730951,35,2.220446049250313e-16,1.4142135623730951,1.4142135623730951,1.989875,49.24932470632577,16.081412149004333,17.58904453797349
1,Ceramic_7.jpeg,17.11111111111111,2.6392664509169363,1.0,1030,1.9297359031020065,1.0,4.222222222222222,37.96250624970064,20.577713663431208,2.2627416997969525,88,14.336591542090382,8.399297189646289,37.96250624970064,5.971123930019734,1.4242729671581873,1.4142135623730951,453,0.21386587930969547,1.4142135623730951,1.4142135623730951,1.754725,586.9865648463434,50.15030845289147,258.1601105586345
2,Ceramic_11.jpeg,10.666666666666668,2.9016393442622954,1.0,61,1.8795007627142393,1.0,4.222222222222222,37.96250624970064,32.13905085433561,2.2627416997969525,16,12.365290479643406,37.96250624970064,37.96250624970064,1.4142135623730951,1.4142135623730951,1.4142135623730951,50,0.0,1.4142135623730951,1.4142135623730951,0.8265055555555556,73.80470656243487,19.358611557359968,60.4956611167499
3,Ceramic_1.jpeg,20.333333333333336,2.81981981981982,1.0,1073,2.0249282873235384,1.0,4.222222222222222,37.96250624970064,15.686691410402956,2.2627416997969525,133,12.534945926617054,5.792618751480199,23.726566406062897,5.971123930019734,1.4418871071158887,1.4142135623730951,494,0.354033950164863,1.4142135623730951,1.4142135623730951,1.898525,565.175596844919,70.0543843246731,260.20199892021435
4,Ceramic_10.jpeg,17.11111111111111,3.339421613394216,1.0,365,1.6916634274245408,1.0,4.222222222222222,37.96250624970064,18.466805956813452,3.6203867196751243,74,12.003430483356416,9.268190002368318,23.726566406062897,1.4142135623730951,1.4142135623730954,1.4142135623730951,132,2.220446049250313e-16,1.4142135623730951,1.4142135623730951,0.9422944444444444,387.3523845459959,78.53171631891423,140.08360208238756
5,Ceramic_2.jpeg,23.555555555555557,3.1879286694101507,1.0,405,2.6322563809448223,1.0,4.222222222222222,37.96250624970064,16.717452725558253,3.6203867196751243,103,12.472658311465892,5.792618751480199,23.726566406062897,5.971123930019734,1.4651287620116058,1.4142135623730951,179,0.47898188227666283,1.4142135623730951,1.4142135623730951,1.8470805555555556,219.26493610788194,55.76367510891813,96.90968781064412
6,Ceramic_13.jpeg,30.0,2.9437696806117857,1.0,494,2.95774832401821,1.0,4.222222222222222,37.96250624970064,14.933573882972253,2.2627416997969525,75,13.030503725950823,4.706502735577661,23.726566406062897,19.641855032959654,1.4979363250332702,1.4142135623730951,381,1.014168122959969,1.4142135623730951,1.4142135623730951,0.89795,550.141990088535,83.52358149117434,424.29979397516564
7,Ceramic_12.jpeg,4.222222222222222,3.112932604735884,1.0,61,1.530965120726753,1.0,4.222222222222222,37.96250624970064,33.36292904989807,2.2627416997969525,14,11.344134507008041,37.96250624970064,37.96250624970064,1.4142135623730951,1.4142135623730951,1.4142135623730951,32,0.0,1.4142135623730951,1.4142135623730951,0.7516916666666666,81.15029433610856,18.62465771648393,42.57064620910613
8,Ceramic_3.jpeg,7.444444444444445,1.318091168091168,1.0,780,0.9884448072540645,1.0,1.0,37.96250624970064,36.56776890015505,14.82910400378931,37,4.844898269058418,37.96250624970064,37.96250624970064,1.4142135623730951,1.4142135623730954,1.4142135623730951,168,2.220446049250313e-16,1.4142135623730951,1.4142135623730951,3.337388888888889,233.71564596407703,11.086511411116474,50.338754515339666
9,Ceramic_4.jpeg,4.222222222222222,1.423611111111111,1.0,464,1.0888171390760155,1.0,1.0,37.96250624970064,34.14546012341276,3.6203867196751243,40,10.20954020566299,37.96250624970064,37.96250624970064,1.4142135623730951,1.4142135623730956,1.4142135623730951,396,4.440892098500626e-16,1.4142135623730951,1.4142135623730951,3.3409833333333334,138.8812674911079,11.972523059578268,118.52797828982484
10,Ceramic_8.jpeg,23.555555555555557,3.3067497403946002,1.0,535,2.383829682034028,1.0,4.222222222222222,37.96250624970064,20.5398901668665,2.2627416997969525,110,13.931095012533937,5.792618751480199,37.96250624970064,5.971123930019734,1.433441032278778,1.4142135623730951,237,0.2953779974166021,1.4142135623730951,1.4142135623730951,1.9028472222222221,281.15762198459913,57.80810919309515,124.55019889785045
11,Ceramic_9.jpeg,7.444444444444445,3.072533333333334,1.0,625,1.6577816955568838,1.0,4.222222222222222,37.96250624970064,19.716174251088113,3.6203867196751243,75,13.289992948239437,9.268190002368318,37.96250624970064,1.4142135623730951,1.4142135623730954,1.4142135623730951,216,2.220446049250313e-16,1.4142135623730951,1.4142135623730951,1.068813888888889,584.76036520234,70.17124382428081,202.0931822139287
12,Ceramic_14.jpeg,30.0,2.6846669939453447,1.0,679,2.278106747623991,1.0,4.222222222222222,37.96250624970064,13.602983401816088,2.2627416997969525,77,13.783373755651516,3.6203867196751243,23.726566406062897,10.528034297666373,1.4725286859078786,1.4142135623730951,547,0.5816020416310818,1.4142135623730951,1.4142135623730951,0.877325,773.9435215000142,87.76679109793976,623.4861653321175
13,Ceramic_5.jpeg,7.444444444444445,2.5535714285714284,1.0,56,1.8259218965319464,1.0,4.222222222222222,37.96250624970064,33.84483637525356,2.2627416997969525,33,9.593989343817896,37.96250624970064,37.96250624970064,1.4142135623730951,1.4142135623730951,1.4142135623730951,33,0.0,1.4142135623730951,1.4142135623730951,1.1688333333333334,47.911022386995576,28.233281049479537,28.233281049479537
