,Name,Estimated Total Inclusions DoH,Estimated Total Inclusions DoG,Estimated Total Inclusions LoG,Estimated Total Inclusions reg,Maximum Inclusion Radius DoH,Maximum Inclusion Radius DoG,Maximum Inclusion Radius LoG,Maximum Inclusion Radius reg,Standard Deviation DoH,Standard Deviation DoG,Standard Deviation LoG,Standard Deviation reg,25th Percentile DoH,25th Percentile DoG,25th Percentile LoG,25th Percentile reg,Average Inclusion Radius DoH,Average Inclusion Radius DoG,Average Inclusion Radius LoG,Average Inclusion Radius reg,75th Percentile DoG,75th Percentile DoH,75th Percentile LoG,75th Percentile reg,Minimum Inclusion Radius DoH,Minimum Inclusion Radius DoG,Minimum Inclusion Radius LoG,Minimum Inclusion Radius reg,Sherd Area sq in,Inclusions/ Sherd Area DoH,Inclusions/ Sherd Area DoG,Inclusions/ Sherd Area LoG,Inclusions/ Sherd Area reg
0,Ceramic_6.jpeg,60,28,3,22,10.666666666666668,37.96250624970064,1.4142135623730951,1549.1939172764621,1.7517618017729728,8.745272416462145,0.0,321.4640596565716,4.222222222222222,37.96250624970064,1.4142135623730951,4.581952743637591,4.007407407407408,34.962591750005494,1.4142135623730951,76.10395734640277,37.96250624970064,4.222222222222222,1.4142135623730951,6.093780430698103,1.0,5.792618751480199,1.4142135623730951,2.8284271247461903,1.994925,30.076318658596186,14.035615374011554,1.5038159329298093,11.027983508151936
1,Ceramic_7.jpeg,749,87,349,116,17.11111111111111,37.96250624970064,1.4142135623730951,1514.1774222087388,1.9472673104165352,14.03268096356258,4.440892098500626e-16,139.51973468509254,1.0,9.268190002368318,1.4142135623730951,3.265986323710904,3.1338080403500963,20.71508378990543,1.4142135623730956,19.15710375203629,37.96250624970064,4.222222222222222,1.4142135623730951,6.928452332658525,1.0,3.6203867196751243,1.4142135623730951,2.0,1.76075,425.3869089876473,49.410762459179324,198.21098963509868,65.88101661223911
2,Ceramic_11.jpeg,34,11,3,2,10.666666666666668,37.96250624970064,1.4142135623730951,857.7684940382445,1.8278815167895144,7.105427357601002e-15,0.0,427.2512538572668,4.222222222222222,37.96250624970064,1.4142135623730951,216.8916132523443,3.653594771241831,37.962506249700645,1.4142135623730951,430.5172401809777,37.96250624970064,4.222222222222222,1.4142135623730951,644.1428671096111,1.0,37.96250624970064,1.4142135623730951,3.265986323710904,0.8742055555555556,38.89245473668156,12.582853003044033,3.4316871826483726,2.2877914550989153
3,Ceramic_1.jpeg,780,137,396,96,30.0,37.96250624970064,5.971123930019734,1358.6877009841078,2.1483070289699437,12.44836070256564,0.45566778900112204,137.40005945930528,1.0,5.792618751480199,1.4142135623730951,3.4641016151377544,3.396011396011396,15.987417401689083,1.460242960026092,20.095459527281815,23.726566406062897,4.222222222222222,1.4142135623730951,6.978121410288293,1.0,2.2627416997969525,1.4142135623730951,2.0,1.9042444444444444,409.6112777304501,71.94454493470727,207.95649484776698,50.41369572067078
4,Ceramic_10.jpeg,276,73,57,27,17.11111111111111,37.96250624970064,1.4142135623730951,730.0190090339212,1.6903363214569935,12.303996162275268,0.0,136.75207935809544,4.222222222222222,9.268190002368318,1.4142135623730951,4.220056104092591,3.883655394524959,18.93951452946294,1.4142135623730951,33.766723702866045,37.96250624970064,4.222222222222222,1.4142135623730951,8.10655878440154,1.0,3.6203867196751243,1.4142135623730951,2.8284271247461903,0.9467916666666667,291.5108040311579,77.10249526911059,60.20331822382608,28.517361263917614
5,Ceramic_2.jpeg,307,103,128,49,23.555555555555557,37.96250624970064,5.971123930019734,1338.8013533876767,2.6840219579268467,13.207189808818331,0.5651461677939806,188.42095609427489,1.0,5.792618751480199,1.4142135623730951,3.4641016151377544,3.8548678972131736,17.970885440951363,1.4854152868675743,33.731814075928185,37.96250624970064,4.222222222222222,1.4142135623730951,8.620054105373221,1.0,3.6203867196751243,1.4142135623730951,2.0,1.851911111111111,165.7746952097533,55.618220216953056,69.11778823077661,26.459153307094173
6,Ceramic_13.jpeg,339,68,296,144,30.0,37.96250624970064,19.641855032959654,1012.1994582058574,3.3178312995965125,13.230656735521778,1.1494794489045483,83.64826315380137,1.0,5.792618751480199,1.4142135623730951,3.6903312284929313,3.6804326450344145,16.543429523289873,1.5219783345809552,13.592075991589066,23.726566406062897,4.222222222222222,1.4142135623730951,7.134997046073027,1.0,3.6203867196751243,1.4142135623730951,2.0,0.9026527777777777,375.5596928805527,75.33350771645306,327.9223277069133,159.52978104660644
7,Ceramic_12.jpeg,42,15,1,20,4.222222222222222,37.96250624970064,1.4142135623730951,817.737903068885,0.8298491030829817,8.867333022925818,0.0,176.29214278722694,4.222222222222222,37.96250624970064,1.4142135623730951,5.986762002397932,3.9920634920634925,34.50732501681773,1.4142135623730951,49.839456118738276,37.96250624970064,4.222222222222222,1.4142135623730951,11.497676890927512,1.0,9.268190002368318,1.4142135623730951,3.9999999999999996,0.7566194444444444,55.5100722144921,19.825025790890034,1.3216683860593357,26.433367721186713
8,Ceramic_3.jpeg,402,37,119,65,7.444444444444445,37.96250624970064,1.4142135623730951,2109.4072350368056,1.3201227298729066,6.827932217868423,1.1102230246251565e-15,258.96623819936184,1.0,37.96250624970064,1.4142135623730951,3.23606797749979,1.6332227750138195,35.4074917085072,1.4142135623730963,37.93560817112158,37.96250624970064,1.0,1.4142135623730951,6.011486661777879,1.0,9.268190002368318,1.4142135623730951,2.0,3.343761111111111,120.22389956751961,11.065383791040361,35.58866678740008,19.439187741016852
9,Ceramic_4.jpeg,77,41,39,6,4.222222222222222,37.96250624970064,1.4142135623730951,2297.009131085113,1.4556516213473492,6.757554013779176,4.440892098500626e-16,853.2924396201374,1.0,37.96250624970064,1.4142135623730951,3.676822003851614,1.9206349206349207,35.86834741599478,1.4142135623730947,389.0450963477111,37.96250624970064,4.222222222222222,1.4142135623730951,17.569153363670832,1.0,9.268190002368318,1.4142135623730951,2.0,3.6166027777777776,21.2906986836173,11.336605792575446,10.78360063196201,1.6590154818403091
10,Ceramic_8.jpeg,404,113,154,109,23.555555555555557,37.96250624970064,1.4142135623730951,1511.8092117387741,2.308190858817939,13.129875826803973,2.220446049250313e-16,143.60307833648204,4.222222222222222,9.268190002368318,1.4142135623730951,3.8297084310253524,3.8074807480748074,18.80146664268048,1.4142135623730954,20.6917767584811,37.96250624970064,4.222222222222222,1.4142135623730951,8.281471037908794,1.0,3.6203867196751243,1.4142135623730951,2.0,1.9119666666666666,211.30075489461115,59.101448770027375,80.54533726180722,57.00936208790251
11,Ceramic_9.jpeg,481,79,125,44,17.11111111111111,37.96250624970064,5.971123930019734,827.5471959769524,1.7669638165766541,12.839092987115505,0.4059488503934977,122.31158210336085,1.0,9.268190002368318,1.4142135623730951,3.4641016151377544,3.512127512127512,19.080211583926236,1.450668845314269,26.862609492454684,37.96250624970064,4.222222222222222,1.4142135623730951,9.474674345015197,1.0,3.6203867196751243,1.4142135623730951,2.0,1.0740222222222222,447.84920651341787,73.55527508224534,116.3849289276034,40.9674949825164
12,Ceramic_14.jpeg,456,69,397,108,30.0,37.96250624970064,10.528034297666373,1063.00101914056,2.4929039407172446,14.154389365414971,0.8480017435469585,101.33941203332286,1.0,3.6203867196751243,1.4142135623730951,3.2585067371581253,3.303606237816764,15.602664163776373,1.5289971988377462,15.946839321719333,37.96250624970064,4.222222222222222,1.4142135623730951,7.0398218398572965,1.0,2.2627416997969525,1.4142135623730951,2.0,0.8817777777777778,517.1370967741935,78.25100806451613,450.226814516129,122.47983870967742
13,Ceramic_5.jpeg,30,30,2,3,7.444444444444445,37.96250624970064,1.4142135623730951,1583.144555153935,1.9213621139998196,4.270781953091323,0.0,744.6006111599349,1.0,37.96250624970064,1.4142135623730951,3.608150578669423,3.1481481481481497,36.53891226533686,1.4142135623730951,530.1202854370913,37.96250624970064,4.222222222222222,1.4142135623730951,793.4483773480681,1.0,23.726566406062897,1.4142135623730951,3.4641016151377544,2.0840111111111113,14.395316723625912,14.395316723625912,0.9596877815750608,1.4395316723625913
